2015011500
2015011506
2015011512
2015011518
2015011600
2015011606
2015011612
2015011618
2015011700
2015011706
2015011712
2015011718
2015011800
2015011806
2015011812
2015011818
2015011900
2015011906
2015011912
2015011918
2015012000
2015012006
2015012012
2015012018
2015012100
2015012106
2015012112
2015012118
2015012200
2015012206
2015012212
2015012218
2015012300
2015012306
2015012312
2015012318
2015012400
2015012406
2015012412
2015012418
2015012500
2015012506
2015012512
2015012518
2015012600
2015012606
2015012612
2015012618
2015012700
2015012706
2015012712
2015012718
2015012800
2015012806
2015012812
2015012818
2015012900
2015012906
2015012912
2015012918
2015013000
2015013006
2015013012
2015013018
2015013100
2015013106
2015013112
2015013118
2015020100
2015020106
2015020112
2015020118
2015020200
2015020206
2015020212
2015020218
2015020300
2015020306
2015020312
2015020318
2015020400
2015020406
2015020412
2015020418
2015020500
2015020506
2015020512
2015020518
2015020600
2015020606
2015020612
2015020618
2015020700
2015020706
2015020712
2015020718
2015020800
2015020806
2015020812
2015020818
2015020900
2015020906
2015020912
2015020918
2015021000
2015021006
2015021012
2015021018
2015021100
2015021106
2015021112
2015021118
2015021200
2015021206
2015021212
2015021218
2015021300
2015021306
2015021312
2015021318
2015021400
2015021406
2015021412
2015021418
2015021500
2015021506
2015021512
2015021518
2015021600
2015021606
2015021612
2015021618
2015021700
2015021706
2015021712
2015021718
2015021800
2015021806
2015021812
2015021818
2015021900
2015021906
2015021912
2015021918
2015022000
2015022006
2015022012
2015022018
2015022100
2015022106
2015022112
2015022118
2015022200
2015022206
2015022212
2015022218
2015022300
2015022306
2015022312
2015022318
2015022400
2015022406
2015022412
2015022418
2015022500
2015022506
2015022512
2015022518
2015022600
2015022606
2015022612
2015022618
2015022700
2015022706
2015022712
2015022718
2015022800
2015022806
2015022812
2015022818
2015030100
2015030106
2015030112
2015030118
2015030200
2015030206
2015030212
2015030218
2015030300
2015030306
2015030312
2015030318
2015030400
2015030406
2015030412
2015030418
2015030500
2015030506
2015030512
2015030518
2015030600
2015030606
2015030612
2015030618
2015030700
2015030706
2015030712
2015030718
2015030800
2015030806
2015030812
2015030818
2015030900
2015030906
2015030912
2015030918
2015031000
2015031006
2015031012
2015031018
2015031100
2015031106
2015031112
2015031118
2015031200
2015031206
2015031212
2015031218
2015031300
2015031306
2015031312
2015031318
2015031400
2015031406
2015031412
2015031418
2015031500
2015031506
2015031512
2015031518
2015031600
2015031606
2015031612
2015031618
2015031700
2015031706
2015031712
2015031718
2015031800
2015031806
2015031812
2015031818
2015031900
2015031906
2015031912
2015031918
2015032000
2015032006
2015032012
2015032018
2015032100
2015032106
2015032112
2015032118
2015032200
2015032206
2015032212
2015032218
2015032300
2015032306
2015032312
2015032318
2015032400
2015032406
2015032412
2015032418
2015032500
2015032506
2015032512
2015032518
2015032600
2015032606
2015032612
2015032618
2015032700
2015032706
2015032712
2015032718
2015032800
2015032806
2015032812
2015032818
2015032900
2015032906
2015032912
2015032918
2015033000
2015033006
2015033012
2015033018
2015033100
2015033106
2015033112
2015033118
2015040100
2015040106
2015040112
2015040118
2015040200
2015040206
2015040212
2015040218
2015040300
2015040306
2015040312
2015040318
2015040400
2015040406
2015040412
2015040418
2015040500
2015040506
2015040512
2015040518
2015040600
2015040606
2015040612
2015040618
2015040700
2015040706
2015040712
2015040718
2015040800
2015040806
2015040812
2015040818
2015040900
2015040906
2015040912
2015040918
2015041000
2015041006
2015041012
2015041018
2015041100
2015041106
2015041112
2015041118
2015041200
2015041206
2015041212
2015041218
2015041300
2015041306
2015041312
2015041318
2015041400
2015041406
2015041412
2015041418
2015041500
2015041506
2015041512
2015041518
2015041600
2015041606
2015041612
2015041618
2015041700
2015041706
2015041712
2015041718
2015041800
2015041806
2015041812
2015041818
2015041900
2015041906
2015041912
2015041918
2015042000
2015042006
2015042012
2015042018
2015042100
2015042106
2015042112
2015042118
2015042200
2015042206
2015042212
2015042218
2015042300
2015042306
2015042312
2015042318
2015042400
2015042406
2015042412
2015042418
2015042500
2015042506
2015042512
2015042518
2015042600
2015042606
2015042612
2015042618
2015042700
2015042706
2015042712
2015042718
2015042800
2015042806
2015042812
2015042818
2015042900
2015042906
2015042912
2015042918
2015043000
2015043006
2015043012
2015043018
2015050100
2015050106
2015050112
2015050118
2015050200
2015050206
2015050212
2015050218
2015050300
2015050306
2015050312
2015050318
2015050400
2015050406
2015050412
2015050418
2015050500
2015050506
2015050512
2015050518
2015050600
2015050606
2015050612
2015050618
2015050700
2015050706
2015050712
2015050718
2015050800
2015050806
2015050812
2015050818
2015050900
2015050906
2015050912
2015050918
2015051000
2015051006
2015051012
2015051018
2015051100
2015051106
2015051112
2015051118
2015051200
2015051206
2015051212
2015051218
2015051300
2015051306
2015051312
2015051318
2015051400
2015051406
2015051412
2015051418
2015051500
2015051506
2015051512
2015051518
2015051600
2015051606
2015051612
2015051618
2015051700
2015051706
2015051712
2015051718
2015051800
2015051806
2015051812
2015051818
2015051900
2015051906
2015051912
2015051918
2015052000
2015052006
2015052012
2015052018
2015052100
2015052106
2015052112
2015052118
2015052200
2015052206
2015052212
2015052218
2015052300
2015052306
2015052312
2015052318
2015052400
2015052406
2015052412
2015052418
2015052500
2015052506
2015052512
2015052518
2015052600
2015052606
2015052612
2015052618
2015052700
2015052706
2015052712
2015052718
2015052800
2015052806
2015052812
2015052818
2015052900
2015052906
2015052912
2015052918
2015053000
2015053006
2015053012
2015053018
2015053100
2015053106
2015053112
2015053118
2015060100
2015060106
2015060112
2015060118
2015060200
2015060206
2015060212
2015060218
2015060300
2015060306
2015060312
2015060318
2015060400
2015060406
2015060412
2015060418
2015060500
2015060506
2015060512
2015060518
2015060600
2015060606
2015060612
2015060618
2015060700
2015060706
2015060712
2015060718
2015060800
2015060806
2015060812
2015060818
2015060900
2015060906
2015060912
2015060918
2015061000
2015061006
2015061012
2015061018
2015061100
2015061106
2015061112
2015061118
2015061200
2015061206
2015061212
2015061218
2015061300
2015061306
2015061312
2015061318
2015061400
2015061406
2015061412
2015061418
2015061500
2015061506
2015061512
2015061518
2015061600
2015061606
2015061612
2015061618
2015061700
2015061706
2015061712
2015061718
2015061800
2015061806
2015061812
2015061818
2015061900
2015061906
2015061912
2015061918
2015062000
2015062006
2015062012
2015062018
2015062100
2015062106
2015062112
2015062118
2015062200
2015062206
2015062212
2015062218
2015062300
2015062306
2015062312
2015062318
2015062400
2015062406
2015062412
2015062418
2015062500
2015062506
2015062512
2015062518
2015062600
2015062606
2015062612
2015062618
2015062700
2015062706
2015062712
2015062718
2015062800
2015062806
2015062812
2015062818
2015062900
2015062906
2015062912
2015062918
2015063000
2015063006
2015063012
2015063018
2015070100
2015070106
2015070112
2015070118
2015070200
2015070206
2015070212
2015070218
2015070300
2015070306
2015070312
2015070318
2015070400
2015070406
2015070412
2015070418
2015070500
2015070506
2015070512
2015070518
2015070600
2015070606
2015070612
2015070618
2015070700
2015070706
2015070712
2015070718
2015070800
2015070806
2015070812
2015070818
2015070900
2015070906
2015070912
2015070918
2015071000
2015071006
2015071012
2015071018
2015071100
2015071106
2015071112
2015071118
2015071200
2015071206
2015071212
2015071218
2015071300
2015071306
2015071312
2015071318
2015071400
2015071406
2015071412
2015071418
2015071500
2015071506
2015071512
2015071518
2015071600
2015071606
2015071612
2015071618
2015071700
2015071706
2015071712
2015071718
2015071800
2015071806
2015071812
2015071818
2015071900
2015071906
2015071912
2015071918
2015072000
2015072006
2015072012
2015072018
2015072100
2015072106
2015072112
2015072118
2015072200
2015072206
2015072212
2015072218
2015072300
2015072306
2015072312
2015072318
2015072400
2015072406
2015072412
2015072418
2015072500
2015072506
2015072512
2015072518
2015072600
2015072606
2015072612
2015072618
2015072700
2015072706
2015072712
2015072718
2015072800
2015072806
2015072812
2015072818
2015072900
2015072906
2015072912
2015072918
2015073000
2015073006
2015073012
2015073018
2015073100
2015073106
2015073112
2015073118
2015080100
2015080106
2015080112
2015080118
2015080200
2015080206
2015080212
2015080218
2015080300
2015080306
2015080312
2015080318
2015080400
2015080406
2015080412
2015080418
2015080500
2015080506
2015080512
2015080518
2015080600
2015080606
2015080612
2015080618
2015080700
2015080706
2015080712
2015080718
2015080800
2015080806
2015080812
2015080818
2015080900
2015080906
2015080912
2015080918
2015081000
2015081006
2015081012
2015081018
2015081100
2015081106
2015081112
2015081118
2015081200
2015081206
2015081212
2015081218
2015081300
2015081306
2015081312
2015081318
2015081400
2015081406
2015081412
2015081418
2015081500
2015081506
2015081512
2015081518
2015081600
2015081606
2015081612
2015081618
2015081700
2015081706
2015081712
2015081718
2015081800
2015081806
2015081812
2015081818
2015081900
2015081906
2015081912
2015081918
2015082000
2015082006
2015082012
2015082018
2015082100
2015082106
2015082112
2015082118
2015082200
2015082206
2015082212
2015082218
2015082300
2015082306
2015082312
2015082318
2015082400
2015082406
2015082412
2015082418
2015082500
2015082506
2015082512
2015082518
2015082600
2015082606
2015082612
2015082618
2015082700
2015082706
2015082712
2015082718
2015082800
2015082806
2015082812
2015082818
2015082900
2015082906
2015082912
2015082918
2015083000
2015083006
2015083012
2015083018
2015083100
2015083106
2015083112
2015083118
2015090100
2015090106
2015090112
2015090118
2015090200
2015090206
2015090212
2015090218
2015090300
2015090306
2015090312
2015090318
2015090400
2015090406
2015090412
2015090418
2015090500
2015090506
2015090512
2015090518
2015090600
2015090606
2015090612
2015090618
2015090700
2015090706
2015090712
2015090718
2015090800
2015090806
2015090812
2015090818
2015090900
2015090906
2015090912
2015090918
2015091000
2015091006
2015091012
2015091018
2015091100
2015091106
2015091112
2015091118
2015091200
2015091206
2015091212
2015091218
2015091300
2015091306
2015091312
2015091318
2015091400
2015091406
2015091412
2015091418
2015091500
2015091506
2015091512
2015091518
2015091600
2015091606
2015091612
2015091618
2015091700
2015091706
2015091712
2015091718
2015091800
2015091806
2015091812
2015091818
2015091900
2015091906
2015091912
2015091918
2015092000
2015092006
2015092012
2015092018
2015092100
2015092106
2015092112
2015092118
2015092200
2015092206
2015092212
2015092218
2015092300
2015092306
2015092312
2015092318
2015092400
2015092406
2015092412
2015092418
2015092500
2015092506
2015092512
2015092518
2015092600
2015092606
2015092612
2015092618
2015092700
2015092706
2015092712
2015092718
2015092800
2015092806
2015092812
2015092818
2015092900
2015092906
2015092912
2015092918
2015093000
2015093006
2015093012
2015093018
2015100100
2015100106
2015100112
2015100118
2015100200
2015100206
2015100212
2015100218
2015100300
2015100306
2015100312
2015100318
2015100400
2015100406
2015100412
2015100418
2015100500
2015100506
2015100512
2015100518
2015100600
2015100606
2015100612
2015100618
2015100700
2015100706
2015100712
2015100718
2015100800
2015100806
2015100812
2015100818
2015100900
2015100906
2015100912
2015100918
2015101000
2015101006
2015101012
2015101018
2015101100
2015101106
2015101112
2015101118
2015101200
2015101206
2015101212
2015101218
2015101300
2015101306
2015101312
2015101318
2015101400
2015101406
2015101412
2015101418
2015101500
2015101506
2015101512
2015101518
2015101600
2015101606
2015101612
2015101618
2015101700
2015101706
2015101712
2015101718
2015101800
2015101806
2015101812
2015101818
2015101900
2015101906
2015101912
2015101918
2015102000
2015102006
2015102012
2015102018
2015102100
2015102106
2015102112
2015102118
2015102200
2015102206
2015102212
2015102218
2015102300
2015102306
2015102312
2015102318
2015102400
2015102406
2015102412
2015102418
2015102500
2015102506
2015102512
2015102518
2015102600
2015102606
2015102612
2015102618
2015102700
2015102706
2015102712
2015102718
2015102800
2015102806
2015102812
2015102818
2015102900
2015102906
2015102912
2015102918
2015103000
2015103006
2015103012
2015103018
2015103100
2015103106
2015103112
2015103118
2015110100
2015110106
2015110112
2015110118
2015110200
2015110206
2015110212
2015110218
2015110300
2015110306
2015110312
2015110318
2015110400
2015110406
2015110412
2015110418
2015110500
2015110506
2015110512
2015110518
2015110606
2015110612
2015110618
2015110700
2015110706
2015110712
2015110718
2015110800
2015110806
2015110812
2015110818
2015110900
2015110906
2015110912
2015110918
2015111000
2015111006
2015111012
2015111018
2015111100
2015111106
2015111112
2015111118
2015111200
2015111206
2015111212
2015111218
2015111300
2015111306
2015111312
2015111318
2015111400
2015111406
2015111412
2015111418
2015111500
2015111506
2015111512
2015111518
2015111600
2015111606
2015111612
2015111618
2015111700
2015111706
2015111712
2015111718
2015111800
2015111806
2015111812
2015111818
2015111900
2015111906
2015111912
2015111918
2015112000
2015112006
2015112012
2015112018
2015112100
2015112106
2015112112
2015112118
2015112200
2015112206
2015112212
2015112218
2015112300
2015112306
2015112312
2015112318
2015112400
2015112406
2015112412
2015112418
2015112500
2015112506
2015112512
2015112518
2015112600
2015112606
2015112612
2015112618
2015112700
2015112706
2015112712
2015112718
2015112800
2015112806
2015112812
2015112818
2015112900
2015112906
2015112912
2015112918
2015113000
2015113006
2015113012
2015113018
2015120100
2015120106
2015120112
2015120118
2015120200
2015120206
2015120212
2015120218
2015120300
2015120306
2015120312
2015120318
2015120400
2015120406
2015120412
2015120418
2015120500
2015120506
2015120512
2015120518
2015120600
2015120606
2015120612
2015120618
2015120700
2015120706
2015120712
2015120718
2015120800
2015120806
2015120812
2015120818
2015120900
2015120906
2015120912
2015120918
2015121000
2015121006
2015121012
2015121018
2015121100
2015121106
2015121112
2015121118
2015121200
2015121206
2015121212
2015121218
2015121300
2015121306
2015121312
2015121318
2015121400
2015121406
2015121412
2015121418
2015121500
2015121506
2015121512
2015121518
2015121600
2015121606
2015121612
2015121618
2015121700
2015121706
2015121712
2015121718
2015121800
2015121806
2015121812
2015121818
2015121900
2015121906
2015121912
2015121918
2015122000
2015122006
2015122012
2015122018
2015122100
2015122106
2015122112
2015122118
2015122200
2015122206
2015122212
2015122218
2015122300
2015122306
2015122312
2015122318
2015122400
2015122406
2015122412
2015122418
2015122500
2015122506
2015122512
2015122518
2015122600
2015122606
2015122612
2015122618
2015122700
2015122706
2015122712
2015122718
2015122800
2015122806
2015122812
2015122818
2015122900
2015122906
2015122912
2015122918
2015123000
2015123006
2015123012
2015123018
2015123100
2015123106
2015123112
2015123118
2016010100
2016010106
2016010112
2016010118
2016010200
2016010206
2016010212
2016010218
2016010300
2016010306
2016010312
2016010318
2016010400
2016010406
2016010412
2016010418
2016010500
2016010506
2016010512
2016010518
2016010600
2016010606
2016010612
2016010618
2016010700
2016010706
2016010712
2016010718
2016010800
2016010806
2016010812
2016010818
2016010900
2016010906
2016010912
2016010918
2016011000
2016011006
2016011012
2016011018
2016011100
2016011106
2016011112
2016011118
2016011200
2016011206
2016011212
2016011218
2016011300
2016011306
2016011312
2016011318
2016011400
2016011406
2016011412
2016011418
2016011500
2016011506
2016011512
2016011518
2016011600
2016011606
2016011612
2016011618
2016011700
2016011706
2016011712
2016011718
2016011800
2016011806
2016011812
2016011818
2016011900
2016011906
2016011912
2016011918
2016012000
2016012006
2016012012
2016012018
2016012100
2016012106
2016012112
2016012118
2016012200
2016012206
2016012212
2016012218
2016012300
2016012306
2016012312
2016012318
2016012400
2016012406
2016012412
2016012418
2016012500
2016012506
2016012512
2016012518
2016012600
2016012606
2016012612
2016012618
2016012700
2016012706
2016012712
2016012718
2016012800
2016012806
2016012812
2016012818
2016012900
2016012906
2016012912
2016012918
2016013000
2016013006
2016013012
2016013018
2016013100
2016013106
2016013112
2016013118
2016020100
2016020106
2016020112
2016020118
2016020200
2016020206
2016020212
2016020218
2016020300
2016020306
2016020312
2016020318
2016020400
2016020406
2016020412
2016020418
2016020500
2016020506
2016020512
2016020518
2016020600
2016020606
2016020612
2016020618
2016020700
2016020706
2016020712
2016020718
2016020800
2016020806
2016020812
2016020818
2016020900
2016020906
2016020912
2016020918
2016021000
2016021006
2016021012
2016021018
2016021100
2016021106
2016021112
2016021118
2016021200
2016021206
2016021212
2016021218
2016021300
2016021306
2016021312
2016021318
2016021400
2016021406
2016021412
2016021418
2016021500
2016021506
2016021512
2016021518
2016021600
2016021606
2016021612
2016021618
2016021700
2016021706
2016021712
2016021718
2016021800
2016021806
2016021812
2016021818
2016021900
2016021906
2016021912
2016021918
2016022000
2016022006
2016022012
2016022018
2016022100
2016022106
2016022112
2016022118
2016022200
2016022206
2016022212
2016022218
2016022300
2016022306
2016022312
2016022318
2016022400
2016022406
2016022412
2016022418
2016022500
2016022506
2016022512
2016022518
2016022600
2016022606
2016022612
2016022618
2016022700
2016022706
2016022712
2016022718
2016022800
2016022806
2016022812
2016022818
2016022900
2016022906
2016022912
2016022918
2016030100
2016030106
2016030112
2016030118
2016030200
2016030206
2016030212
2016030218
2016030300
2016030306
2016030312
2016030318
2016030400
2016030406
2016030412
2016030418
2016030500
2016030506
2016030512
2016030518
2016030600
2016030606
2016030612
2016030618
2016030700
2016030706
2016030712
2016030718
2016030800
2016030806
2016030812
2016030818
2016030900
2016030906
2016030912
2016030918
2016031000
2016031006
2016031012
2016031018
2016031100
2016031106
2016031112
2016031118
2016031200
2016031206
2016031212
2016031218
2016031300
2016031306
2016031312
2016031318
2016031400
2016031406
2016031412
2016031418
2016031500
2016031506
2016031512
2016031518
2016031600
2016031606
2016031612
2016031618
2016031700
2016031706
2016031712
2016031718
2016031800
2016031806
2016031812
2016031818
2016031900
2016031906
2016031912
2016031918
2016032000
2016032006
2016032012
2016032018
2016032100
2016032106
2016032112
2016032118
2016032200
2016032206
2016032212
2016032218
2016032300
2016032306
2016032312
2016032318
2016032400
2016032406
2016032412
2016032418
2016032500
2016032506
2016032512
2016032518
2016032600
2016032606
2016032612
2016032618
2016032700
2016032706
2016032712
2016032718
2016032800
2016032806
2016032812
2016032818
2016032900
2016032906
2016032912
2016032918
2016033000
2016033006
2016033012
2016033018
2016033100
2016033106
2016033112
2016033118
2016040100
2016040106
2016040112
2016040118
2016040200
2016040206
2016040212
2016040218
2016040300
2016040306
2016040312
2016040318
2016040400
2016040406
2016040412
2016040418
2016040500
2016040506
2016040512
2016040518
2016040600
2016040606
2016040612
2016040618
2016040700
2016040706
2016040712
2016040718
2016040800
2016040806
2016040812
2016040818
2016040900
2016040906
2016040912
2016040918
2016041000
2016041006
2016041012
2016041018
2016041100
2016041106
2016041112
2016041118
2016041200
2016041206
2016041212
2016041218
2016041300
2016041306
2016041312
2016041318
2016041400
2016041406
2016041412
2016041418
2016041500
2016041506
2016041512
2016041518
2016041600
2016041606
2016041612
2016041618
2016041700
2016041706
2016041712
2016041718
2016041800
2016041806
2016041812
2016041818
2016041900
2016041906
2016041912
2016041918
2016042000
2016042006
2016042012
2016042018
2016042100
2016042106
2016042112
2016042118
2016042200
2016042206
2016042212
2016042218
2016042300
2016042306
2016042312
2016042318
2016042400
2016042406
2016042412
2016042418
2016042500
2016042506
2016042512
2016042518
2016042600
2016042606
2016042612
2016042618
2016042700
2016042706
2016042712
2016042718
2016042800
2016042806
2016042812
2016042818
2016042900
2016042906
2016042912
2016042918
2016043000
2016043006
2016043012
2016043018
2016050100
2016050106
2016050112
2016050118
2016050200
2016050206
2016050212
2016050218
2016050300
2016050306
2016050312
2016050318
2016050400
2016050406
2016050412
2016050418
2016050500
2016050506
2016050512
2016050518
2016050600
2016050606
2016050612
2016050618
2016050700
2016050706
2016050712
2016050718
2016050800
2016050806
2016050812
2016050818
2016050900
2016050906
2016050912
2016050918
2016051000
2016051006
2016051012
2016051018
2016051100
2016051106
2016051112
2016051118
2016051200
2016051206
2016051212
2016051218
2016051300
2016051306
2016051312
2016051318
2016051400
2016051406
2016051412
2016051418
2016051500
2016051506
2016051512
2016051518
2016051600
2016051606
2016051612
2016051618
2016051700
2016051706
2016051712
2016051718
2016051800
2016051806
2016051812
2016051818
2016051900
2016051906
2016051912
2016051918
2016052000
2016052006
2016052012
2016052018
2016052100
2016052106
2016052112
2016052118
2016052200
2016052206
2016052212
2016052218
2016052300
2016052306
2016052312
2016052318
2016052400
2016052406
2016052412
2016052418
2016052500
2016052506
2016052512
2016052518
2016052600
2016052606
2016052612
2016052618
2016052700
2016052706
2016052712
2016052718
2016052800
2016052806
2016052812
2016052818
2016052900
2016052906
2016052912
2016052918
2016053000
2016053006
2016053012
2016053018
2016053100
2016053106
2016053112
2016053118
2016060100
2016060106
2016060112
2016060118
2016060200
2016060206
2016060212
2016060218
2016060300
2016060306
2016060312
2016060318
2016060400
2016060406
2016060412
2016060418
2016060500
2016060506
2016060512
2016060518
2016060600
2016060606
2016060612
2016060618
2016060700
2016060706
2016060712
2016060718
2016060800
2016060806
2016060812
2016060818
2016060900
2016060906
2016060912
2016060918
2016061000
2016061006
2016061012
2016061018
2016061100
2016061106
2016061112
2016061118
2016061200
2016061206
2016061212
2016061218
2016061300
2016061306
2016061312
2016061318
2016061400
2016061406
2016061412
2016061418
2016061500
2016061506
2016061512
2016061518
2016061600
2016061606
2016061612
2016061618
2016061700
2016061706
2016061712
2016061718
2016061800
2016061806
2016061812
2016061818
2016061900
2016061906
2016061912
2016061918
2016062000
2016062006
2016062012
2016062018
2016062100
2016062106
2016062112
2016062118
2016062200
2016062206
2016062212
2016062218
2016062300
2016062306
2016062312
2016062318
2016062400
2016062406
2016062412
2016062418
2016062500
2016062506
2016062512
2016062518
2016062600
2016062606
2016062612
2016062618
2016062700
2016062706
2016062712
2016062718
2016062800
2016062806
2016062812
2016062818
2016062900
2016062906
2016062912
2016062918
2016063000
2016063006
2016063012
2016063018
2016070100
2016070106
2016070112
2016070118
2016070200
2016070206
2016070212
2016070218
2016070300
2016070306
2016070312
2016070318
2016070400
2016070406
2016070412
2016070418
2016070500
2016070506
2016070512
2016070518
2016070600
2016070606
2016070612
2016070618
2016070700
2016070706
2016070712
2016070718
2016070800
2016070806
2016070812
2016070818
2016070900
2016070906
2016070912
2016070918
2016071000
2016071006
2016071012
2016071018
2016071100
2016071106
2016071112
2016071118
2016071200
2016071206
2016071212
2016071218
2016071300
2016071306
2016071312
2016071318
2016071400
2016071406
2016071412
2016071418
2016071500
2016071506
2016071512
2016071518
2016071600
2016071606
2016071612
2016071618
2016071700
2016071706
2016071712
2016071718
2016071800
2016071806
2016071812
2016071818
2016071900
2016071906
2016071912
2016071918
2016072000
2016072006
2016072012
2016072018
2016072100
2016072106
2016072112
2016072118
2016072200
2016072206
2016072212
2016072218
2016072300
2016072306
2016072312
2016072318
2016072400
2016072406
2016072412
2016072418
2016072500
2016072506
2016072512
2016072518
2016072600
2016072606
2016072612
2016072618
2016072700
2016072706
2016072712
2016072718
2016072800
2016072806
2016072812
2016072818
2016072900
2016072906
2016072912
2016072918
2016073000
2016073006
2016073012
2016073018
2016073100
2016073106
2016073112
2016073118
2016080100
2016080106
2016080112
2016080118
2016080200
2016080206
2016080212
2016080218
2016080300
2016080306
2016080312
2016080318
2016080400
2016080406
2016080412
2016080418
2016080500
2016080506
2016080512
2016080518
2016080600
2016080606
2016080612
2016080618
2016080700
2016080706
2016080712
2016080718
2016080800
2016080806
2016080812
2016080818
2016080900
2016080906
2016080912
2016080918
2016081000
2016081006
2016081012
2016081018
2016081100
2016081106
2016081112
2016081118
2016081200
2016081206
2016081212
2016081218
2016081300
2016081306
2016081312
2016081318
2016081400
2016081406
2016081412
2016081418
2016081500
2016081506
2016081512
2016081518
2016081600
2016081606
2016081612
2016081618
2016081700
2016081706
2016081712
2016081718
2016081800
2016081806
2016081812
2016081818
2016081900
2016081906
2016081912
2016081918
2016082000
2016082006
2016082012
2016082018
2016082100
2016082106
2016082112
2016082118
2016082200
2016082206
2016082212
2016082218
2016082300
2016082306
2016082312
2016082318
2016082400
2016082406
2016082412
2016082418
2016082500
2016082506
2016082512
2016082518
2016082600
2016082606
2016082612
2016082618
2016082700
2016082706
2016082712
2016082718
2016082800
2016082806
2016082812
2016082818
2016082900
2016082906
2016082912
2016082918
2016083000
2016083006
2016083012
2016083018
2016083100
2016083106
2016083112
2016083118
2016090100
2016090106
2016090112
2016090118
2016090200
2016090206
2016090212
2016090218
2016090300
2016090306
2016090312
2016090318
2016090400
2016090406
2016090412
2016090418
2016090500
2016090506
2016090512
2016090518
2016090600
2016090606
2016090612
2016090618
2016090700
2016090706
2016090712
2016090718
2016090800
2016090806
2016090812
2016090818
2016090900
2016090906
2016090912
2016090918
2016091000
2016091006
2016091012
2016091018
2016091100
2016091106
2016091112
2016091118
2016091200
2016091206
2016091212
2016091218
2016091300
2016091306
2016091312
2016091318
2016091400
2016091406
2016091412
2016091418
2016091500
2016091506
2016091512
2016091518
2016091600
2016091606
2016091612
2016091618
2016091700
2016091706
2016091712
2016091718
2016091800
2016091806
2016091812
2016091818
2016091900
2016091906
2016091912
2016091918
2016092000
2016092006
2016092012
2016092018
2016092100
2016092106
2016092112
2016092118
2016092200
2016092206
2016092212
2016092218
2016092300
2016092306
2016092312
2016092318
2016092400
2016092406
2016092412
2016092418
2016092500
2016092506
2016092512
2016092518
2016092600
2016092606
2016092612
2016092618
2016092700
2016092706
2016092712
2016092718
2016092800
2016092806
2016092812
2016092818
2016092900
2016092906
2016092912
2016092918
2016093000
2016093006
2016093012
2016093018
2016100100
2016100106
2016100112
2016100118
2016100200
2016100206
2016100212
2016100218
2016100300
2016100306
2016100312
2016100318
2016100400
2016100406
2016100412
2016100418
2016100500
2016100506
2016100512
2016100518
2016100600
2016100606
2016100612
2016100618
2016100700
2016100706
2016100712
2016100718
2016100800
2016100806
2016100812
2016100818
2016100900
2016100906
2016100912
2016100918
2016101000
2016101006
2016101012
2016101018
2016101100
2016101106
2016101112
2016101118
2016101200
2016101206
2016101212
2016101218
2016101300
2016101306
2016101312
2016101318
2016101400
2016101406
2016101412
2016101418
2016101500
2016101506
2016101512
2016101518
2016101600
2016101606
2016101612
2016101618
2016101700
2016101706
2016101712
2016101718
2016101800
2016101806
2016101812
2016101818
2016101900
2016101906
2016101912
2016101918
2016102000
2016102006
2016102012
2016102018
2016102100
2016102106
2016102112
2016102118
2016102200
2016102206
2016102212
2016102218
2016102300
2016102306
2016102312
2016102318
2016102400
2016102406
2016102412
2016102418
2016102500
2016102506
2016102512
2016102518
2016102600
2016102606
2016102612
2016102618
2016102700
2016102706
2016102712
2016102718
2016102800
2016102806
2016102812
2016102818
2016102900
2016102906
2016102912
2016102918
2016103000
2016103006
2016103012
2016103018
2016103100
2016103106
2016103112
2016103118
2016110100
2016110106
2016110112
2016110118
2016110200
2016110206
2016110212
2016110218
2016110300
2016110306
2016110312
2016110318
2016110400
2016110406
2016110412
2016110418
2016110500
2016110506
2016110512
2016110518
2016110600
2016110606
2016110612
2016110618
2016110700
2016110706
2016110712
2016110718
2016110800
2016110806
2016110812
2016110818
2016110900
2016110906
2016110912
2016110918
2016111000
2016111006
2016111012
2016111018
2016111100
2016111106
2016111112
2016111118
2016111200
2016111206
2016111212
2016111218
2016111300
2016111306
2016111312
2016111318
2016111400
2016111406
2016111412
2016111418
2016111500
2016111506
2016111512
2016111518
2016111600
2016111606
2016111612
2016111618
2016111700
2016111706
2016111712
2016111718
2016111800
2016111806
2016111812
2016111818
2016111900
2016111906
2016111912
2016111918
2016112000
2016112006
2016112012
2016112018
2016112100
2016112106
2016112112
2016112118
2016112200
2016112206
2016112212
2016112218
2016112300
2016112306
2016112312
2016112318
2016112400
2016112406
2016112412
2016112418
2016112500
2016112506
2016112512
2016112518
2016112600
2016112606
2016112612
2016112618
2016112700
2016112706
2016112712
2016112718
2016112800
2016112806
2016112812
2016112818
2016112900
2016112906
2016112912
2016112918
2016113000
2016113006
2016113012
2016113018
2016120100
2016120106
2016120112
2016120118
2016120200
2016120206
2016120212
2016120218
2016120300
2016120306
2016120312
2016120318
2016120400
2016120406
2016120412
2016120418
2016120500
2016120506
2016120512
2016120518
2016120600
2016120606
2016120612
2016120618
2016120700
2016120706
2016120712
2016120718
2016120800
2016120806
2016120812
2016120818
2016120900
2016120906
2016120912
2016120918
2016121000
2016121006
2016121012
2016121018
2016121100
2016121106
2016121112
2016121118
2016121200
2016121206
2016121212
2016121218
2016121300
2016121306
2016121312
2016121318
2016121400
2016121406
2016121412
2016121418
2016121500
2016121506
2016121512
2016121518
2016121600
2016121606
2016121612
2016121618
2016121700
2016121706
2016121712
2016121718
2016121800
2016121806
2016121812
2016121818
2016121900
2016121906
2016121912
2016121918
2016122000
2016122006
2016122012
2016122018
2016122100
2016122106
2016122112
2016122118
2016122200
2016122206
2016122212
2016122218
2016122300
2016122306
2016122312
2016122318
2016122400
2016122406
2016122412
2016122418
2016122500
2016122506
2016122512
2016122518
2016122600
2016122606
2016122612
2016122618
2016122700
2016122706
2016122712
2016122718
2016122800
2016122806
2016122812
2016122818
2016122900
2016122906
2016122912
2016122918
2016123000
2016123006
2016123012
2016123018
2016123100
2016123106
2016123112
2016123118
